 -1000.0 -1000.0 1000.0 -1000.0 255.0 255.0 255.0
 1000.0 -1000.0 1000.0 1000.0 255.0 255.0 255.0
 1000.0 1000.0 -1000.0 1000.0 255.0 255.0 255.0
 -1000.0 1000.0 -1000.0 -1000.0 255.0 255.0 255.0
 -168.0 32.0 152.0 32.0 255.0 255.0 0.0
 -168.0 32.0 -198.0 136.0 255.0 255.0 0.0
 -198.0 136.0 119.0 136.0 255.0 255.0 0.0
 119.0 136.0 152.0 32.0 255.0 255.0 0.0
 -198.0 136.0 -230.0 264.0 0.0 0.0 255.0
 119.0 136.0 81.0 266.0 0.0 0.0 255.0
 -232.0 263.0 84.0 263.0 0.0 0.0 255.0
 -54.0 99.0 -86.0 61.0 255.0 0.0 0.0
 -86.0 61.0 -120.0 105.0 255.0 0.0 0.0
 -120.0 105.0 -55.0 192.0 255.0 0.0 0.0
 -55.0 192.0 3.0 110.0 255.0 0.0 0.0
 3.0 110.0 3.0 110.0 255.0 0.0 0.0
 3.0 110.0 -19.0 59.0 255.0 0.0 0.0
 -19.0 59.0 -54.0 99.0 255.0 0.0 0.0
 spawn
 -71.0 -429.0
 615.0 124.0
 -617.0 114.0
 -54.0 653.0
